Perspective: 0, Mirror: 1, Bucket: 3
Piece: Pawn
0 0 0 0 0 0 0 0
0 0 X 0 0 X X X
0 0 X X 0 0 0 0
X 0 0 0 0 0 0 0
0 0 X 0 0 0 0 0
0 X 0 0 X 0 0 0
X 0 0 0 0 X X X
0 0 0 0 0 0 0 0
Piece: Knight
0 0 0 0 0 0 0 0
0 0 0 0 0 0 0 0
0 0 0 0 0 0 0 0
0 0 0 0 0 0 0 0
0 X 0 0 0 0 0 0
0 0 0 0 0 0 0 0
0 0 0 X 0 0 0 0
0 0 0 0 0 0 0 0
Piece: Bishop
0 0 0 0 0 0 0 0
0 0 0 X 0 0 0 0
0 0 0 0 0 0 0 0
0 0 0 0 0 0 0 0
0 0 0 0 X 0 0 0
0 0 0 0 0 0 0 0
0 0 0 0 0 0 0 0
0 0 0 0 0 0 0 0
Piece: Rook
X 0 0 0 0 0 0 X
0 0 0 0 0 0 0 0
0 0 0 0 0 0 0 0
0 0 0 0 0 0 0 0
0 0 0 0 0 0 0 0
0 0 0 0 0 0 0 0
0 0 0 0 0 0 0 0
X 0 0 0 0 0 0 X
Piece: Queen
0 0 0 0 0 0 0 0
0 0 0 0 0 0 0 0
0 0 0 0 0 X 0 0
0 0 0 0 0 0 0 0
0 0 0 0 0 0 0 0
0 0 0 0 0 0 0 0
0 0 0 0 0 0 0 0
0 0 0 X 0 0 0 0
Piece: King
0 0 0 0 X 0 0 0
0 0 0 0 0 0 0 0
0 0 0 0 0 0 0 0
0 0 0 0 0 0 0 0
0 0 0 0 0 0 0 0
0 0 0 0 0 0 0 0
0 0 0 0 0 0 0 0
0 0 0 0 X 0 0 0
Side: White
0 0 0 0 0 0 0 0
0 0 0 0 0 0 0 0
0 0 0 0 0 0 0 0
0 0 0 0 0 0 0 0
0 0 X 0 X 0 0 0
0 X 0 0 X 0 0 0
X 0 0 X 0 X X X
X 0 0 X X 0 0 X
Side: Black
X 0 0 0 X 0 0 X
0 0 X X 0 X X X
0 0 X X 0 X 0 0
X 0 0 0 0 0 0 0
0 X 0 0 0 0 0 0
0 0 0 0 0 0 0 0
0 0 0 0 0 0 0 0
0 0 0 0 0 0 0 0
